
poles =

    -1  -190   -54   -20


poles_discrete =

    0.9900    0.1496    0.5827    0.8187


Kd =

   1.0e+03 *

   -5.5207   -5.9683   -9.1381   -5.1245

lop

t =

     0


x =

   1.0e-05 *

         0
         0
    1.0000
         0

lop

t =

   3.7072e-04


x =

   1.0e-04 *

         0
    0.3388
    0.1000
   -0.4019

lop

t =

   5.5608e-04


x =

   1.0e-04 *

    0.0001
    0.5080
    0.0998
   -0.6027

lop

t =

    0.0015


x =

   1.0e-03 *

    0.0001
    0.1354
    0.0099
   -0.1606

lop

t =

    0.0016


x =

   1.0e-03 *

    0.0001
    0.1504
    0.0099
   -0.1785

lop

t =

    0.0019


x =

   1.0e-03 *

    0.0002
    0.1692
    0.0098
   -0.2008

lop

t =

    0.0019


x =

   1.0e-03 *

    0.0002
    0.1692
    0.0098
   -0.2008

lop

t =

    0.0037


x =

   1.0e-03 *

    0.0005
    0.3383
    0.0094
   -0.4013

lop

t =

    0.0046


x =

   1.0e-03 *

    0.0010
    0.4225
    0.0088
   -0.5012

lop

t =

    0.0093


x =

    0.0000
    0.0008
    0.0000
   -0.0010

lop

t =

    0.0101


x =

    0.0000
    0.0009
    0.0000
   -0.0011

reset
u before

u =

    0.0914

u after

u =

   -0.0376

lop

t =

    0.0111


x =

    0.0000
    0.0013
    0.0000
   -0.0016

lop

t =

    0.0111


x =

    0.0000
    0.0012
    0.0000
   -0.0015

lop

t =

    0.0026


x =

   1.0e-03 *

    0.0003
    0.2366
    0.0097
   -0.2806

lop

t =

    0.0030


x =

   1.0e-03 *

    0.0004
    0.1630
    0.0095
   -0.1933

lop

t =

    0.0048


x =

   1.0e-03 *

   -0.0004
    0.5242
    0.0104
   -0.6220

lop

t =

    0.0051


x =

   -0.0000
    0.0015
    0.0000
   -0.0017

lop

t =

    0.0055


x =

   -0.0000
    0.0014
    0.0000
   -0.0016

lop

t =

    0.0055


x =

   1.0e-04 *

    0.0068
    0.7327
    0.0919
   -0.8640

lop

t =

    0.0063


x =

   1.0e-04 *

    0.0074
    0.4546
    0.0913
   -0.5329

lop

t =

    0.0067


x =

   1.0e-04 *

    0.0074
    0.3157
    0.0912
   -0.3676

lop

t =

    0.0085


x =

   1.0e-04 *

    0.0074
   -0.3783
    0.0913
    0.4586

lop

t =

    0.0088


x =

   1.0e-04 *

    0.0072
   -0.5015
    0.0915
    0.6054

lop

t =

    0.0092


x =

   1.0e-04 *

    0.0070
   -0.6555
    0.0917
    0.7887

lop

t =

    0.0092


x =

   1.0e-04 *

    0.0070
   -0.6555
    0.0918
    0.7887

lop

t =

    0.0129


x =

   1.0e-03 *

    0.0005
   -0.2041
    0.0095
    0.2438

lop

t =

    0.0148


x =

   1.0e-03 *

   -0.0002
   -0.2728
    0.0103
    0.3257

lop

t =

    0.0240


x =

   1.0e-03 *

   -0.0043
   -0.6158
    0.0152
    0.7346

reset
u before

u =

   -0.0376

u after

u =

    0.2038

lop

t =

    0.0256


x =

   -0.0000
   -0.0020
    0.0000
    0.0023

lop

t =

    0.0277


x =

   1.0e-03 *

   -0.0003
   -0.7369
    0.0104
    0.8796

lop

t =

    0.0277


x =

    0.0000
    0.0013
    0.0000
   -0.0015

lop

t =

    0.0111


x =

   1.0e-03 *

    0.0006
   -0.1351
    0.0093
    0.1617

lop

t =

    0.0120


x =

   1.0e-03 *

    0.0004
    0.3335
    0.0096
   -0.3947

lop

t =

    0.0166


x =

   1.0e-03 *

    0.0158
   -0.7571
   -0.0087
    0.9010

lop

t =

    0.0175


x =

    0.0000
   -0.0050
   -0.0000
    0.0060

lop

t =

    0.0185


x =

    0.0001
   -0.0046
   -0.0001
    0.0055

lop

t =

    0.0185


x =

    0.0000
    0.0016
    0.0000
   -0.0019

lop

t =

    0.0102


x =

   1.0e-03 *

    0.0006
   -0.1003
    0.0092
    0.1203

lop

t =

    0.0106


x =

   1.0e-03 *

    0.0006
    0.1339
    0.0093
   -0.1579

lop

t =

    0.0129


x =

   1.0e-03 *

    0.0043
   -0.4074
    0.0049
    0.4853

lop

t =

    0.0134


x =

    0.0000
   -0.0025
   -0.0000
    0.0030

lop

t =

    0.0139


x =

    0.0000
   -0.0023
   -0.0000
    0.0028

lop

t =

    0.0139


x =

   1.0e-03 *

    0.0021
    0.7752
    0.0075
   -0.9192

lop

t =

    0.0097


x =

   1.0e-04 *

    0.0067
   -0.8295
    0.0921
    0.9958

lop

t =

    0.0099


x =

   1.0e-04 *

    0.0064
    0.3418
    0.0924
   -0.3950

lop

t =

    0.0111


x =

   1.0e-03 *

    0.0015
   -0.2355
    0.0082
    0.2809

lop

t =

    0.0113


x =

    0.0000
   -0.0013
    0.0000
    0.0015

lop

t =

    0.0116


x =

    0.0000
   -0.0012
    0.0000
    0.0014

lop

t =

    0.0116


x =

   1.0e-03 *

    0.0010
    0.3552
    0.0088
   -0.4206

lop

t =

    0.0120


x =

   1.0e-03 *

    0.0011
    0.4495
    0.0087
   -0.5325

lop

t =

    0.0122


x =

   1.0e-03 *

    0.0013
    0.4966
    0.0085
   -0.5884

lop

t =

    0.0134


x =

   1.0e-03 *

    0.0020
    0.7319
    0.0077
   -0.8678

lop

t =

    0.0136


x =

   1.0e-03 *

    0.0021
    0.7737
    0.0075
   -0.9174

lop

t =

    0.0139


x =

   1.0e-03 *

    0.0023
    0.8259
    0.0072
   -0.9794

lop

t =

    0.0139


x =

   1.0e-03 *

    0.0023
    0.8259
    0.0072
   -0.9794

lop

t =

    0.0162


x =

    0.0000
    0.0013
    0.0000
   -0.0015

lop

t =

    0.0173


x =

    0.0000
    0.0015
    0.0000
   -0.0018

lop

t =

    0.0231


x =

    0.0000
    0.0027
   -0.0000
   -0.0032

lop

t =

    0.0242


x =

    0.0000
    0.0029
   -0.0000
   -0.0034

lop

t =

    0.0255


x =

    0.0000
    0.0032
   -0.0000
   -0.0038

lop

t =

    0.0255


x =

    0.0000
    0.0032
   -0.0000
   -0.0038

lop

t =

    0.0370


x =

    0.0001
    0.0055
   -0.0001
   -0.0065

reset
u before

u =

    0.2038

u after

u =

   -0.8950

lop

t =

    0.0428


x =

    0.0001
   -0.0077
   -0.0001
    0.0091

lop

t =

    0.0718


x =

   -0.0026
    0.0265
    0.0031
   -0.0316

reset
u before

u =

   -0.8950

u after

u =

    9.9077

lop

t =

    0.0769


x =

   -0.0079
   -0.0290
    0.0094
    0.0335

lop

t =

    0.0834


x =

   -0.0060
    0.1415
    0.0071
   -0.1695

reset
u before

u =

    9.9077

u after

u =

    7.6685

lop

t =

    0.0834


x =

    0.0025
    0.2253
   -0.0029
   -0.2677

lop

t =

    0.0295


x =

    0.0000
    0.0040
   -0.0000
   -0.0047

lop

t =

    0.0315


x =

    0.0000
    0.0380
   -0.0000
   -0.0451

lop

t =

    0.0415


x =

    0.0025
   -0.0226
   -0.0030
    0.0268

lop

t =

    0.0432


x =

    0.0069
   -0.3085
   -0.0082
    0.3666

lop

t =

    0.0455


x =

    0.0077
   -0.2764
   -0.0091
    0.3285

lop

t =

    0.0455


x =

    0.0013
    0.1418
   -0.0016
   -0.1685

lop

t =

    0.0275


x =

    0.0000
    0.0036
   -0.0000
   -0.0042

lop

t =

    0.0285


x =

    0.0000
    0.0206
   -0.0000
   -0.0244

lop

t =

    0.0335


x =

    0.0007
   -0.0091
   -0.0008
    0.0108

lop

t =

    0.0343


x =

    0.0018
   -0.1510
   -0.0021
    0.1793

lop

t =

    0.0355


x =

    0.0020
   -0.1347
   -0.0023
    0.1600

lop

t =

    0.0355


x =

    0.0004
    0.0728
   -0.0004
   -0.0865

lop

t =

    0.0265


x =

    0.0000
    0.0034
   -0.0000
   -0.0040

lop

t =

    0.0270


x =

    0.0000
    0.0119
   -0.0000
   -0.0141

lop

t =

    0.0295


x =

    0.0002
   -0.0028
   -0.0002
    0.0034

lop

t =

    0.0299


x =

    0.0005
   -0.0735
   -0.0005
    0.0873

lop

t =

    0.0305


x =

    0.0005
   -0.0653
   -0.0006
    0.0776

lop

t =

    0.0305


x =

    0.0001
    0.0380
   -0.0001
   -0.0452

lop

t =

    0.0260


x =

    0.0000
    0.0033
   -0.0000
   -0.0039

lop

t =

    0.0262


x =

    0.0000
    0.0075
   -0.0000
   -0.0089

lop

t =

    0.0275


x =

   1.0e-03 *

    0.0696
    0.2054
   -0.0726
   -0.2436

lop

t =

    0.0277


x =

    0.0001
   -0.0351
   -0.0002
    0.0416

lop

t =

    0.0280


x =

    0.0002
   -0.0309
   -0.0002
    0.0368

lop

t =

    0.0280


x =

    0.0001
    0.0206
   -0.0001
   -0.0245

lop

t =

    0.0257


x =

    0.0000
    0.0032
   -0.0000
   -0.0038

lop

t =

    0.0258


x =

    0.0000
    0.0053
   -0.0000
   -0.0063

lop

t =

    0.0265


x =

    0.0000
    0.0017
   -0.0000
   -0.0020

lop

t =

    0.0266


x =

    0.0001
   -0.0159
   -0.0001
    0.0189

lop

t =

    0.0267


